"","Aesch_Ag","Aesch_Ch","Aesch_Eum","Aesch_Pers","Aesch_Prom","Aesch_Sept","Aesch_Sup","Athen_12-13","DiodSic_11","Hdt_1","Hesiod_Op","Hesiod_Sh","Hesiod_Th","Iliad_1-4","Iliad_13-16","Iliad_17-20","Iliad_21-24","Iliad_5-8","Iliad_9-12","Lysias_Sels","Od_1-4","Od_13-16","Od_17-20","Od_21-24","Od_5-8","Od_9-12","Plb_1","Plb_9&10","Plut_Alc","Plut_Lyc","Soph_Aj","Soph_Ant","Soph_El","Soph_OT","Soph_Trach","Thuc_1"
"Aesch_Ag",0,66.8333527103832,70.7274279173851,72.9612144116827,69.9195803968048,69.9979603071167,71.1929209161005,67.0604168283649,84.954592979273,72.8494926572414,79.0189886853981,84.5258591452939,80.5464885051194,71.536141548897,67.8419658397464,68.5541943663174,66.8541941230009,68.9346026275155,69.7622443219632,76.798706309875,68.3604404158392,68.9155423036304,66.4813040108716,70.0471703292224,70.7382516888456,71.0003432977874,77.0657634298665,77.1199715531889,82.5017912537721,79.6730530878461,66.5445916042011,68.0042724380352,66.8208624361834,64.0139190118743,73.4592818619569,75.6916143806441
"Aesch_Ch",66.8333527103832,0,74.9620489887715,76.6544221211485,74.1799762933583,75.0936349665448,74.2694763317941,70.6640677046866,86.7779587679451,74.242769199778,83.4970576597673,86.7639063473524,83.2897827230699,73.85644222354,69.4529034044687,71.6298671718481,69.6276878313966,72.1123890473676,71.8780510291937,79.2832466243872,71.6148454746108,69.9674483572306,69.7302168099732,72.7280121111012,72.7170475357477,73.4283613490421,80.3678650370396,80.6740370004108,83.2018266134979,82.683532423595,69.6803150689853,73.0036900866815,71.7348318629464,69.6947300079914,75.2680414525759,77.6041364714892
"Aesch_Eum",70.7274279173851,74.9620489887715,0,78.3113141719363,75.1342038324141,75.1251714295539,77.9279912687094,69.5088015453441,86.5216602647938,74.2607107512818,83.6948147696527,87.8666884839651,84.3022795501482,74.1998230246599,68.7004768661512,72.823544174204,70.9660998964798,72.4417462376407,72.0354672358838,80.4163179376495,73.4608900508278,71.9234150939491,71.1114843033673,73.0746906028802,74.2519086051903,73.6978404586172,79.3129448252052,79.9366146070791,83.8372257050514,81.5826272739844,73.3220777656637,73.2061273648911,73.0192671611498,72.2276536596593,77.5176846754289,77.4717068256324
"Aesch_Pers",72.9612144116827,76.6544221211485,78.3113141719363,0,76.9849790984261,76.361226793306,76.5481635839212,75.0674710289144,87.8730843867699,76.0694910696837,83.5637134087216,87.9745002589436,81.4931159224764,75.721180144155,71.7139391621153,74.5413866985582,71.8793598824112,74.3465574007476,74.308119443555,83.9422039705926,72.2584412653932,71.9384475018442,71.5202433670821,73.2061606508022,74.1455203717032,74.6368337646207,82.2403547310205,83.3147096024001,86.2456522456151,85.9576201910453,75.6895419783236,72.6070538633224,75.7451030344398,73.495457463137,77.7858032901807,78.4295276377032
"Aesch_Prom",69.9195803968048,74.1799762933583,75.1342038324141,76.9849790984261,0,74.5921526092051,73.3852326344193,70.3437346019435,87.1884820541059,74.3546921137006,82.0377938241796,87.0212478940911,81.6215152421431,72.4104756866284,68.4597873200631,70.6888595143531,68.6375334396462,70.8503158250428,70.0458630071653,79.2949468292302,69.4678974558169,69.7037505080173,68.3506865996762,70.6751333279086,71.6835933442501,71.87760657668,80.2390381423043,81.173196580109,84.3078902281159,83.6958702907103,69.8587989354714,69.8805673622249,68.8731418676492,65.806812938308,73.5926332035794,77.4275967809366
"Aesch_Sept",69.9979603071167,75.0936349665448,75.1251714295539,76.361226793306,74.5921526092051,0,76.7749454284672,73.4298458373426,87.6804795450375,75.2971386292576,83.83466632007,86.9408106964523,81.3601710838993,73.3223069043943,69.3201462737392,72.789345431236,70.0850717064229,71.527228408634,71.7321014385597,82.0973536651454,71.0804656053542,69.9023069617462,70.8857908254439,71.2748753190947,72.9276976126981,72.5209858443218,81.3930465633173,81.6320523308272,85.6229519190013,84.4990991305552,73.278816533245,74.3084197209475,72.6938322274912,72.4256918836,76.6499702024274,78.3817621668365
"Aesch_Sup",71.1929209161005,74.2694763317941,77.9279912687094,76.5481635839212,73.3852326344193,76.7749454284672,0,72.0792053482528,90.0861810782386,77.9186579335268,85.5270548437402,88.746305216812,84.209935349813,76.8039594323465,72.778388938968,73.6015501204404,72.7887726181943,73.6776140180581,73.8621467046842,83.1855174089185,73.6644796036856,73.9934666696718,72.4408786735917,74.4177172219409,74.6019577567751,76.2836798297087,82.0583521446239,82.7405758363219,87.37296562336,86.1741126129416,73.9462926938243,75.3982861896609,72.1426243216445,71.4668169995875,76.4215579146415,81.7576757374175
"Athen_12-13",67.0604168283649,70.6640677046866,69.5088015453441,75.0674710289144,70.3437346019435,73.4298458373426,72.0792053482528,0,64.6995409958274,47.023798752187,74.897157919979,81.5501012590346,76.7410190810902,64.5248868595828,59.4914616654571,61.9506736700871,60.7166008085937,62.0340528855824,62.3347303843997,60.2213537479534,60.3814882919518,61.3069799583297,59.2554300388242,62.9913154617478,63.3937669728656,64.4569306748173,56.25702018418,56.5696735059071,62.5664671540963,58.6522014642598,65.3514457566739,65.3424639809816,67.1818914099573,62.205479926911,70.8232470333741,56.2148846868239
"DiodSic_11",84.954592979273,86.7779587679451,86.5216602647938,87.8730843867699,87.1884820541059,87.6804795450375,90.0861810782386,64.6995409958274,0,58.2394376846659,87.6104690513198,91.4464880360669,87.7099150994063,79.3509306626271,73.0141111541105,76.7198066669274,73.7845868794664,75.3782643770378,76.3241454636254,72.4400467599929,76.5280721726453,74.8883503559293,75.7855806801316,77.1035125437523,78.4242530753003,77.9725241382821,51.5645585113256,58.0057707115901,62.6614201667724,70.0765941596385,82.2230081876503,81.9965486023313,86.0163520188375,82.8612841291422,86.9185679493142,56.9272303311576
"Hdt_1",72.8494926572414,74.242769199778,74.2607107512818,76.0694910696837,74.3546921137006,75.2971386292576,77.9186579335268,47.023798752187,58.2394376846659,0,75.9860382594808,82.4102226661519,76.9579999832624,64.5103390380338,58.7354963515789,62.2781927487048,59.4267235469224,60.3944596763907,62.2671259804186,59.5726685106582,59.94301699107,60.0907232541915,59.9633307454963,61.5338351531423,64.0311150686684,63.3920205709836,56.0023665572947,55.326350746037,58.3507133453347,59.9587971286737,68.6330141439787,67.8689315197118,70.6917188575239,66.6014927036842,72.3037101026627,47.8871642564373
"Hesiod_Op",79.0189886853981,83.4970576597673,83.6948147696527,83.5637134087216,82.0377938241796,83.83466632007,85.5270548437402,74.897157919979,87.6104690513198,75.9860382594808,0,87.0169723038473,81.8514353667276,73.5234813228661,69.2383033796308,71.7568698177177,68.0957911049508,71.9536172954987,71.5733518219757,83.3018879686706,71.4515967511082,70.4396847689061,67.4473014661871,71.8514289614355,71.8767774367768,72.7089029800286,81.4920896265125,82.7225225809423,83.7414246979262,86.015128517978,77.637598777474,77.8264246864048,78.7839713147252,77.0045773755587,82.1814994458096,77.2525447821631
"Hesiod_Sh",84.5258591452939,86.7639063473524,87.8666884839651,87.9745002589436,87.0212478940911,86.9408106964523,88.746305216812,81.5501012590346,91.4464880360669,82.4102226661519,87.0169723038473,0,82.0352242391037,76.5040123650092,72.1861989227646,72.301998111164,71.3464688186165,74.1901587711404,75.0541267431189,89.3118296000538,76.0212493276728,76.3270656744078,75.4433941235575,77.5076174661191,76.7377032208048,76.6039270091321,86.7891004123745,88.6387196972626,91.0155927178173,91.6958510154889,83.9692133461395,85.4699998342832,86.8951625780264,84.2534118849617,88.9926219766041,83.8781222286258
"Hesiod_Th",80.5464885051194,83.2897827230699,84.3022795501482,81.4931159224764,81.6215152421431,81.3601710838993,84.209935349813,76.7410190810902,87.7099150994063,76.9579999832624,81.8514353667276,82.0352242391037,0,72.0195978523519,67.8220246818127,70.0772251561141,67.5137069160508,70.2634876277135,69.9123652435716,83.6692058091543,69.764474885766,69.6021039706754,69.8970837165607,70.6472024537034,71.0081817767933,69.8361009263526,81.7861617089018,84.3239119820218,86.2998011104608,86.5564064488076,79.7180931024525,81.2537323231788,81.3796134844747,80.4258066091446,84.1729947837508,78.7515717813195
"Iliad_1-4",71.536141548897,73.85644222354,74.1998230246599,75.721180144155,72.4104756866284,73.3223069043943,76.8039594323465,64.5248868595828,79.3509306626271,64.5103390380338,73.5234813228661,76.5040123650092,72.0195978523519,0,48.7002695414013,51.0181502463246,49.2135571465638,49.4845533613472,49.6820433965979,71.1206530583916,53.6665191183861,50.8653312651421,51.610011868165,53.5703820700048,54.090512692028,53.2248119241346,72.6704640789171,73.2849470010648,75.6397964842784,77.1042839541458,67.4383977988776,68.4770742832872,69.7871412493036,67.1589382743187,72.0891357612651,66.0979274521238
"Iliad_13-16",67.8419658397464,69.4529034044687,68.7004768661512,71.7139391621153,68.4597873200631,69.3201462737392,72.778388938968,59.4914616654571,73.0141111541105,58.7354963515789,69.2383033796308,72.1861989227646,67.8220246818127,48.7002695414013,0,43.8476839048184,38.9971765815396,43.6471196789816,43.8306262846702,68.1212385516719,50.0782711719424,47.0892560513476,48.2068276749012,49.1491175229269,49.7069503410329,50.1931896991507,67.4691786997764,68.7080090112657,70.5602505869836,72.8401805502624,62.662686817678,66.4927948343985,66.7748530041427,64.3555305306817,68.719067237198,61.0578657386075
"Iliad_17-20",68.5541943663174,71.6298671718481,72.823544174204,74.5413866985582,70.6888595143531,72.789345431236,73.6015501204404,61.9506736700871,76.7198066669274,62.2781927487048,71.7568698177177,72.301998111164,70.0772251561141,51.0181502463246,43.8476839048184,0,44.1409594738433,48.2269794570716,48.0431574153588,69.9975240230595,53.4769571894984,52.4859106463264,50.8566040944433,54.010586292203,50.4297678081332,54.3236413456907,71.2585014685398,71.0539224295249,73.5109587171127,75.0079320669662,65.2051145889538,67.9074510915198,67.4405616590902,64.0135148125586,71.2151460291128,64.5693649361514
"Iliad_21-24",66.8541941230009,69.6276878313966,70.9660998964798,71.8793598824112,68.6375334396462,70.0850717064229,72.7887726181943,60.7166008085937,73.7845868794664,59.4267235469224,68.0957911049508,71.3464688186165,67.5137069160508,49.2135571465638,38.9971765815396,44.1409594738433,0,45.105819359353,45.6704836119715,67.8760621311838,50.1140540819049,47.8067080083818,47.1997605009697,48.8928562648605,49.6470776033782,49.7815421439935,68.6670069666249,68.9295866333407,70.7433721224801,73.9176663571137,63.0115667024644,65.1408843391253,65.8354100137486,63.2846153553054,68.4741240309467,61.1619255695527
"Iliad_5-8",68.9346026275155,72.1123890473676,72.4417462376407,74.3465574007476,70.8503158250428,71.527228408634,73.6776140180581,62.0340528855824,75.3782643770378,60.3944596763907,71.9536172954987,74.1901587711404,70.2634876277135,49.4845533613472,43.6471196789816,48.2269794570716,45.105819359353,0,44.4044868999926,69.4327310251273,49.4482292833003,46.2067168308497,47.730578044174,49.5958725349258,49.1357496399238,48.5689509808161,70.6633209881674,70.6340785606987,72.8740967493125,74.8627124614689,66.1605815707711,67.0668651907893,68.1271860909012,65.2247532635882,70.4806185437966,63.3597448295201
"Iliad_9-12",69.7622443219632,71.8780510291937,72.0354672358838,74.308119443555,70.0458630071653,71.7321014385597,73.8621467046842,62.3347303843997,76.3241454636254,62.2671259804186,71.5733518219757,75.0541267431189,69.9123652435716,49.6820433965979,43.8306262846702,48.0431574153588,45.6704836119715,44.4044868999926,0,69.6269420877831,51.4109843879685,48.4138854408544,48.9063097702059,49.9387845604179,50.5784356021247,50.8633337886824,71.090804909083,71.8679977159716,73.5218883645089,75.898459100522,64.7820413484518,66.198280469083,67.5183006083256,64.9632526664861,70.8269524232612,64.213697221353
"Lysias_Sels",76.798706309875,79.2832466243872,80.4163179376495,83.9422039705926,79.2949468292302,82.0973536651454,83.1855174089185,60.2213537479534,72.4400467599929,59.5726685106582,83.3018879686706,89.3118296000538,83.6692058091543,71.1206530583916,68.1212385516719,69.9975240230595,67.8760621311838,69.4327310251273,69.6269420877831,0,67.2565047101282,67.9961160288122,66.5887554247443,69.9269194052251,70.5643909798783,70.7721250000642,65.8108849721326,63.0068330043605,68.1043690246914,67.2673884114267,72.1181519841817,72.7986844140329,73.8930309821049,70.3267441568576,77.3384415422637,59.3204033707263
"Od_1-4",68.3604404158392,71.6148454746108,73.4608900508278,72.2584412653932,69.4678974558169,71.0804656053542,73.6644796036856,60.3814882919518,76.5280721726453,59.94301699107,71.4515967511082,76.0212493276728,69.764474885766,53.6665191183861,50.0782711719424,53.4769571894984,50.1140540819049,49.4482292833003,51.4109843879685,67.2565047101282,0,44.0674761874024,46.4929543946256,48.059236091478,50.0377027233999,46.4719356494709,70.5454142774126,70.9779211678301,72.1125790765906,73.7979521860766,65.518171789237,66.9863130742013,66.9528952142298,64.6411648269566,69.0314992359223,62.9771626979842
"Od_13-16",68.9155423036304,69.9674483572306,71.9234150939491,71.9384475018442,69.7037505080173,69.9023069617462,73.9934666696718,61.3069799583297,74.8883503559293,60.0907232541915,70.4396847689061,76.3270656744078,69.6021039706754,50.8653312651421,47.0892560513476,52.4859106463264,47.8067080083818,46.2067168308497,48.4138854408544,67.9961160288122,44.0674761874024,0,43.8167406723089,43.9712132123932,46.4167226541828,44.6571041209642,69.1944853041326,69.1143243606338,71.6011026782369,73.575645309687,64.4541206554393,65.42022462885,66.7465150838058,64.013991121987,68.153049088636,62.7685282290096
"Od_17-20",66.4813040108716,69.7302168099732,71.1114843033673,71.5202433670821,68.3506865996762,70.8857908254439,72.4408786735917,59.2554300388242,75.7855806801316,59.9633307454963,67.4473014661871,75.4433941235575,69.8970837165607,51.610011868165,48.2068276749012,50.8566040944433,47.1997605009697,47.730578044174,48.9063097702059,66.5887554247443,46.4929543946256,43.8167406723089,0,45.4238324823974,48.0042689428819,48.4078313429454,69.8570383973925,69.8852916604572,71.0635474965914,73.6619658541814,62.8597986699653,63.5828780738936,64.3193706278808,62.1588541049385,66.2208460681949,61.9988032147751
"Od_21-24",70.0471703292224,72.7280121111012,73.0746906028802,73.2061606508022,70.6751333279086,71.2748753190947,74.4177172219409,62.9913154617478,77.1035125437523,61.5338351531423,71.8514289614355,77.5076174661191,70.6472024537034,53.5703820700048,49.1491175229269,54.010586292203,48.8928562648605,49.5958725349258,49.9387845604179,69.9269194052251,48.059236091478,43.9712132123932,45.4238324823974,0,50.1297763674302,48.2337993731615,70.953801188944,71.1445818849186,73.4494388326253,75.7638874946959,65.8325089973941,67.334332701777,67.4849528510894,65.6376466060346,69.3429059368728,64.3608652956901
"Od_5-8",70.7382516888456,72.7170475357477,74.2519086051903,74.1455203717032,71.6835933442501,72.9276976126981,74.6019577567751,63.3937669728656,78.4242530753003,64.0311150686684,71.8767774367768,76.7377032208048,71.0081817767933,54.090512692028,49.7069503410329,50.4297678081332,49.6470776033782,49.1357496399238,50.5784356021247,70.5643909798783,50.0377027233999,46.4167226541828,48.0042689428819,50.1297763674302,0,49.1554065663257,72.3743401589385,72.358022426382,74.1723392429398,76.282387028339,67.2733842947709,67.9349815062545,68.5084554823075,67.0453000576565,70.5707420520464,65.0712080233103
"Od_9-12",71.0003432977874,73.4283613490421,73.6978404586172,74.6368337646207,71.87760657668,72.5209858443218,76.2836798297087,64.4569306748173,77.9725241382821,63.3920205709836,72.7089029800286,76.6039270091321,69.8361009263526,53.2248119241346,50.1931896991507,54.3236413456907,49.7815421439935,48.5689509808161,50.8633337886824,70.7721250000642,46.4719356494709,44.6571041209642,48.4078313429454,48.2337993731615,49.1554065663257,0,72.3265575193266,73.5326864475846,74.0180803019198,76.0275994103405,67.1649621155179,69.2984586611951,69.851566961745,67.4900202406745,72.2935562584185,65.1352382496641
"Plb_1",77.0657634298665,80.3678650370396,79.3129448252052,82.2403547310205,80.2390381423043,81.3930465633173,82.0583521446239,56.25702018418,51.5645585113256,56.0023665572947,81.4920896265125,86.7891004123745,81.7861617089018,72.6704640789171,67.4691786997764,71.2585014685398,68.6670069666249,70.6633209881674,71.090804909083,65.8108849721326,70.5454142774126,69.1944853041326,69.8570383973925,70.953801188944,72.3743401589385,72.3265575193266,0,47.248313827678,61.03444883049,61.4647353912271,74.7153056761224,75.7342385572873,77.7079714978417,74.5007636292741,79.9528386682862,55.7285942205842
"Plb_9&10",77.1199715531889,80.6740370004108,79.9366146070791,83.3147096024001,81.173196580109,81.6320523308272,82.7405758363219,56.5696735059071,58.0057707115901,55.326350746037,82.7225225809423,88.6387196972626,84.3239119820218,73.2849470010648,68.7080090112657,71.0539224295249,68.9295866333407,70.6340785606987,71.8679977159716,63.0068330043605,70.9779211678301,69.1143243606338,69.8852916604572,71.1445818849186,72.358022426382,73.5326864475846,47.248313827678,0,61.4890270789278,60.4247960750421,74.7106622342891,75.7087556306638,77.2122924763285,74.6486403776026,79.4780537398178,55.4782445257845
"Plut_Alc",82.5017912537721,83.2018266134979,83.8372257050514,86.2456522456151,84.3078902281159,85.6229519190013,87.37296562336,62.5664671540963,62.6614201667724,58.3507133453347,83.7414246979262,91.0155927178173,86.2998011104608,75.6397964842784,70.5602505869836,73.5109587171127,70.7433721224801,72.8740967493125,73.5218883645089,68.1043690246914,72.1125790765906,71.6011026782369,71.0635474965914,73.4494388326253,74.1723392429398,74.0180803019198,61.03444883049,61.4890270789278,0,64.3747876314925,78.4337706896009,78.2532424852153,81.4570156114816,77.9180978853488,82.6812199951961,58.4411465352858
"Plut_Lyc",79.6730530878461,82.683532423595,81.5826272739844,85.9576201910453,83.6958702907103,84.4990991305552,86.1741126129416,58.6522014642598,70.0765941596385,59.9587971286737,86.015128517978,91.6958510154889,86.5564064488076,77.1042839541458,72.8401805502624,75.0079320669662,73.9176663571137,74.8627124614689,75.898459100522,67.2673884114267,73.7979521860766,73.575645309687,73.6619658541814,75.7638874946959,76.282387028339,76.0275994103405,61.4647353912271,60.4247960750421,64.3747876314925,0,78.1031517040235,77.7618014457095,80.883182511347,76.719052843074,83.3316813397439,61.9398130555045
"Soph_Aj",66.5445916042011,69.6803150689853,73.3220777656637,75.6895419783236,69.8587989354714,73.278816533245,73.9462926938243,65.3514457566739,82.2230081876503,68.6330141439787,77.637598777474,83.9692133461395,79.7180931024525,67.4383977988776,62.662686817678,65.2051145889538,63.0115667024644,66.1605815707711,64.7820413484518,72.1181519841817,65.518171789237,64.4541206554393,62.8597986699653,65.8325089973941,67.2733842947709,67.1649621155179,74.7153056761224,74.7106622342891,78.4337706896009,78.1031517040235,0,65.274744143111,64.0001635285511,62.381181211321,68.794415909652,71.4014157410404
"Soph_Ant",68.0042724380352,73.0036900866815,73.2061273648911,72.6070538633224,69.8805673622249,74.3084197209475,75.3982861896609,65.3424639809816,81.9965486023313,67.8689315197118,77.8264246864048,85.4699998342832,81.2537323231788,68.4770742832872,66.4927948343985,67.9074510915198,65.1408843391253,67.0668651907893,66.198280469083,72.7986844140329,66.9863130742013,65.42022462885,63.5828780738936,67.334332701777,67.9349815062545,69.2984586611951,75.7342385572873,75.7087556306638,78.2532424852153,77.7618014457095,65.274744143111,0,62.2438191036931,61.573452981517,68.4833213617322,71.7433831542214
"Soph_El",66.8208624361834,71.7348318629464,73.0192671611498,75.7451030344398,68.8731418676492,72.6938322274912,72.1426243216445,67.1818914099573,86.0163520188375,70.6917188575239,78.7839713147252,86.8951625780264,81.3796134844747,69.7871412493036,66.7748530041427,67.4405616590902,65.8354100137486,68.1271860909012,67.5183006083256,73.8930309821049,66.9528952142298,66.7465150838058,64.3193706278808,67.4849528510894,68.5084554823075,69.851566961745,77.7079714978417,77.2122924763285,81.4570156114816,80.883182511347,64.0001635285511,62.2438191036931,0,56.419745173006,63.3864933501351,73.9850692380992
"Soph_OT",64.0139190118743,69.6947300079914,72.2276536596593,73.495457463137,65.806812938308,72.4256918836,71.4668169995875,62.205479926911,82.8612841291422,66.6014927036842,77.0045773755587,84.2534118849617,80.4258066091446,67.1589382743187,64.3555305306817,64.0135148125586,63.2846153553054,65.2247532635882,64.9632526664861,70.3267441568576,64.6411648269566,64.013991121987,62.1588541049385,65.6376466060346,67.0453000576565,67.4900202406745,74.5007636292741,74.6486403776026,77.9180978853488,76.719052843074,62.381181211321,61.573452981517,56.419745173006,0,64.0497713294533,70.3114522199643
"Soph_Trach",73.4592818619569,75.2680414525759,77.5176846754289,77.7858032901807,73.5926332035794,76.6499702024274,76.4215579146415,70.8232470333741,86.9185679493142,72.3037101026627,82.1814994458096,88.9926219766041,84.1729947837508,72.0891357612651,68.719067237198,71.2151460291128,68.4741240309467,70.4806185437966,70.8269524232612,77.3384415422637,69.0314992359223,68.153049088636,66.2208460681949,69.3429059368728,70.5707420520464,72.2935562584185,79.9528386682862,79.4780537398178,82.6812199951961,83.3316813397439,68.794415909652,68.4833213617322,63.3864933501351,64.0497713294533,0,76.8325559205571
"Thuc_1",75.6916143806441,77.6041364714892,77.4717068256324,78.4295276377032,77.4275967809366,78.3817621668365,81.7576757374175,56.2148846868239,56.9272303311576,47.8871642564373,77.2525447821631,83.8781222286258,78.7515717813195,66.0979274521238,61.0578657386075,64.5693649361514,61.1619255695527,63.3597448295201,64.213697221353,59.3204033707263,62.9771626979842,62.7685282290096,61.9988032147751,64.3608652956901,65.0712080233103,65.1352382496641,55.7285942205842,55.4782445257845,58.4411465352858,61.9398130555045,71.4014157410404,71.7433831542214,73.9850692380992,70.3114522199643,76.8325559205571,0
